# clock	walking	resting	collected_food	energy
1	0	10	0	0
2	0	10	0	0
3	1	9	0	-1
4	1	9	0	-2
5	2	8	0	-4
6	5	5	0	-9
7	6	4	0	-15
8	6	4	0	-21
9	7	3	0	-28
10	7	3	0	-35
11	7	3	0	-42
12	7	3	0	-49
13	7	3	0	-56
14	7	3	0	-63
15	7	3	0	-70
16	8	2	0	-78
17	9	1	0	-87
18	9	1	0	-96
19	9	1	0	-105
20	9	1	0	-114
21	9	1	0	-123
22	10	0	0	-133
23	10	0	0	-143
24	10	0	0	-153
25	10	0	0	-163
26	10	0	0	-173
27	10	0	0	-183
28	10	0	0	-193
29	10	0	0	-203
30	10	0	0	-213
31	10	0	0	-223
32	10	0	0	-233
33	10	0	0	-243
34	10	0	0	-253
35	10	0	0	-263
36	10	0	0	-273
37	10	0	0	-283
38	10	0	0	-293
39	10	0	0	-303
40	10	0	0	-313
41	10	0	0	-323
42	10	0	0	-333
43	10	0	0	-343
44	10	0	0	-353
45	10	0	0	-363
46	10	0	0	-373
47	10	0	0	-383
48	10	0	0	-393
49	10	0	0	-403
50	10	0	0	-413
51	10	0	0	-423
52	10	0	0	-433
53	10	0	0	-443
54	10	0	0	-453
55	10	0	0	-463
56	10	0	0	-473
57	10	0	0	-483
58	10	0	0	-493
59	10	0	0	-503
60	10	0	0	-513
61	10	0	0	-523
62	10	0	0	-533
63	10	0	0	-543
64	10	0	0	-553
65	10	0	0	-563
66	10	0	0	-573
67	10	0	0	-583
68	10	0	0	-593
69	10	0	0	-603
70	10	0	0	-613
71	10	0	0	-623
72	10	0	0	-633
73	10	0	0	-643
74	10	0	0	-653
75	10	0	0	-663
76	10	0	0	-673
77	10	0	0	-683
78	10	0	0	-693
79	10	0	0	-703
80	10	0	0	-713
81	10	0	0	-723
82	10	0	0	-733
83	10	0	0	-743
84	10	0	0	-753
85	10	0	0	-763
86	10	0	0	-773
87	10	0	0	-783
88	10	0	0	-793
89	10	0	0	-803
90	10	0	0	-813
91	10	0	0	-823
92	10	0	0	-833
93	10	0	0	-843
94	10	0	0	-853
95	10	0	0	-863
96	10	0	0	-873
97	10	0	0	-883
98	10	0	0	-893
99	10	0	0	-903
100	10	0	0	-913
101	10	0	0	-923
102	10	0	0	-933
103	10	0	0	-943
104	10	0	0	-953
105	10	0	0	-963
106	10	0	0	-973
107	10	0	0	-983
108	10	0	0	-993
109	10	0	0	-1003
110	10	0	0	-1013
111	10	0	0	-1023
112	10	0	0	-1033
113	10	0	0	-1043
114	10	0	0	-1053
115	10	0	0	-1063
116	10	0	0	-1073
117	10	0	0	-1083
118	10	0	0	-1093
119	10	0	0	-1103
120	10	0	0	-1113
121	10	0	0	-1123
122	10	0	0	-1133
123	10	0	0	-1143
124	10	0	0	-1153
125	10	0	0	-1163
126	10	0	0	-1173
127	10	0	0	-1183
128	10	0	0	-1193
129	10	0	0	-1203
130	10	0	0	-1213
131	10	0	0	-1223
132	10	0	0	-1233
133	10	0	0	-1243
134	10	0	0	-1253
135	10	0	0	-1263
136	10	0	0	-1273
137	10	0	0	-1283
138	10	0	0	-1293
139	10	0	0	-1303
140	10	0	0	-1313
141	10	0	0	-1323
142	10	0	0	-1333
143	10	0	0	-1343
144	10	0	0	-1353
145	10	0	0	-1363
146	10	0	0	-1373
147	10	0	0	-1383
148	10	0	0	-1393
149	10	0	0	-1403
150	10	0	0	-1413
151	10	0	0	-1423
152	10	0	0	-1433
153	10	0	0	-1443
154	10	0	0	-1453
155	10	0	0	-1463
156	10	0	0	-1473
157	10	0	0	-1483
158	10	0	0	-1493
159	10	0	0	-1503
160	10	0	0	-1513
161	10	0	0	-1523
162	10	0	0	-1533
163	10	0	0	-1543
164	10	0	0	-1553
165	10	0	0	-1563
166	10	0	0	-1573
167	10	0	0	-1583
168	10	0	0	-1593
169	10	0	0	-1603
170	10	0	0	-1613
171	10	0	0	-1623
172	10	0	0	-1633
173	10	0	0	-1643
174	10	0	0	-1653
175	10	0	0	-1663
176	10	0	0	-1673
177	10	0	0	-1683
178	10	0	0	-1693
179	10	0	0	-1703
180	10	0	0	-1713
181	10	0	0	-1723
182	10	0	0	-1733
183	10	0	0	-1743
184	10	0	0	-1753
185	10	0	0	-1763
186	10	0	0	-1773
187	10	0	0	-1783
188	10	0	0	-1793
189	10	0	0	-1803
190	10	0	0	-1813
191	10	0	0	-1823
192	10	0	0	-1833
193	10	0	0	-1843
194	10	0	0	-1853
195	10	0	0	-1863
196	10	0	0	-1873
197	10	0	0	-1883
198	10	0	0	-1893
199	10	0	0	-1903
200	10	0	0	-1913
201	10	0	0	-1923
202	10	0	0	-1933
203	10	0	0	-1943
204	10	0	0	-1953
205	10	0	0	-1963
206	10	0	0	-1973
207	10	0	0	-1983
208	10	0	0	-1993
209	10	0	0	-2003
210	10	0	0	-2013
211	10	0	0	-2023
212	10	0	0	-2033
213	10	0	0	-2043
214	10	0	0	-2053
215	10	0	0	-2063
216	10	0	0	-2073
217	10	0	0	-2083
218	10	0	0	-2093
219	10	0	0	-2103
220	10	0	0	-2113
221	10	0	0	-2123
222	10	0	0	-2133
223	10	0	0	-2143
224	10	0	0	-2153
225	10	0	0	-2163
226	10	0	0	-2173
227	10	0	0	-2183
228	10	0	0	-2193
229	10	0	0	-2203
230	10	0	0	-2213
231	10	0	0	-2223
232	10	0	0	-2233
233	10	0	0	-2243
234	10	0	0	-2253
235	10	0	0	-2263
236	10	0	0	-2273
237	10	0	0	-2283
238	10	0	0	-2293
239	10	0	0	-2303
240	10	0	0	-2313
241	10	0	0	-2323
242	10	0	0	-2333
243	10	0	0	-2343
244	10	0	0	-2353
245	10	0	0	-2363
246	10	0	0	-2373
247	10	0	0	-2383
248	10	0	0	-2393
249	10	0	0	-2403
250	10	0	0	-2413
251	10	0	0	-2423
252	10	0	0	-2433
253	10	0	0	-2443
254	10	0	0	-2453
255	10	0	0	-2463
256	10	0	0	-2473
257	10	0	0	-2483
258	10	0	0	-2493
259	10	0	0	-2503
260	10	0	0	-2513
261	10	0	0	-2523
262	10	0	0	-2533
263	10	0	0	-2543
264	10	0	0	-2553
265	10	0	0	-2563
266	10	0	0	-2573
267	10	0	0	-2583
268	10	0	0	-2593
269	10	0	0	-2603
270	10	0	0	-2613
271	10	0	0	-2623
272	10	0	0	-2633
273	10	0	0	-2643
274	10	0	0	-2653
275	10	0	0	-2663
276	10	0	0	-2673
277	10	0	0	-2683
278	10	0	0	-2693
279	10	0	0	-2703
280	10	0	0	-2713
281	10	0	0	-2723
282	10	0	0	-2733
283	10	0	0	-2743
284	10	0	0	-2753
285	10	0	0	-2763
286	10	0	0	-2773
287	10	0	0	-2783
288	10	0	0	-2793
289	10	0	0	-2803
290	10	0	0	-2813
291	10	0	0	-2823
292	10	0	0	-2833
293	10	0	0	-2843
294	10	0	0	-2853
295	10	0	0	-2863
296	10	0	0	-2873
297	10	0	0	-2883
298	10	0	0	-2893
299	10	0	0	-2903
300	10	0	0	-2913
301	10	0	0	-2923
302	10	0	0	-2933
303	10	0	0	-2943
304	10	0	0	-2953
305	10	0	0	-2963
306	10	0	0	-2973
307	10	0	0	-2983
308	10	0	0	-2993
309	10	0	0	-3003
310	10	0	0	-3013
311	10	0	0	-3023
312	10	0	0	-3033
313	10	0	0	-3043
314	10	0	0	-3053
315	10	0	0	-3063
316	10	0	0	-3073
317	10	0	0	-3083
318	10	0	0	-3093
319	10	0	0	-3103
320	10	0	0	-3113
321	10	0	0	-3123
322	10	0	0	-3133
323	10	0	0	-3143
324	10	0	0	-3153
325	10	0	0	-3163
326	10	0	0	-3173
327	10	0	0	-3183
328	10	0	0	-3193
329	10	0	0	-3203
330	10	0	0	-3213
331	10	0	0	-3223
332	10	0	0	-3233
333	10	0	0	-3243
334	10	0	0	-3253
335	10	0	0	-3263
336	10	0	0	-3273
337	10	0	0	-3283
338	10	0	0	-3293
339	10	0	0	-3303
340	10	0	0	-3313
341	10	0	0	-3323
342	10	0	0	-3333
343	10	0	0	-3343
344	10	0	0	-3353
345	10	0	0	-3363
346	10	0	0	-3373
347	10	0	0	-3383
348	10	0	0	-3393
349	10	0	0	-3403
350	10	0	0	-3413
351	10	0	0	-3423
352	10	0	0	-3433
353	10	0	0	-3443
354	10	0	0	-3453
355	10	0	0	-3463
356	10	0	0	-3473
357	10	0	0	-3483
358	10	0	0	-3493
359	10	0	0	-3503
360	10	0	0	-3513
361	10	0	0	-3523
362	10	0	0	-3533
363	10	0	0	-3543
364	10	0	0	-3553
365	10	0	0	-3563
366	10	0	0	-3573
367	10	0	0	-3583
368	10	0	0	-3593
369	10	0	0	-3603
370	10	0	0	-3613
371	10	0	0	-3623
372	10	0	0	-3633
373	10	0	0	-3643
374	10	0	0	-3653
375	10	0	0	-3663
376	10	0	0	-3673
377	10	0	0	-3683
378	10	0	0	-3693
379	10	0	0	-3703
380	10	0	0	-3713
381	10	0	0	-3723
382	10	0	0	-3733
383	10	0	0	-3743
384	10	0	0	-3753
385	10	0	0	-3763
386	10	0	0	-3773
387	10	0	0	-3783
388	10	0	0	-3793
389	10	0	0	-3803
390	10	0	0	-3813
391	10	0	0	-3823
392	10	0	0	-3833
393	10	0	0	-3843
394	10	0	0	-3853
395	10	0	0	-3863
396	10	0	0	-3873
397	10	0	0	-3883
398	10	0	0	-3893
399	10	0	0	-3903
400	10	0	0	-3913
401	10	0	0	-3923
402	10	0	0	-3933
403	10	0	0	-3943
